0 1995
0 1996
0 1997
0 1998
0 1999
0 2000
0 2001
0 2002
0 2003
0 2004
0 2005
1 1995
1 1996
1 1997
1 1998
1 1999
1 2000
1 2001
1 2002
1 2003
1 2004
1 2005
2 1995
2 1996
2 1997
2 1998
2 1999
2 2000
2 2001
2 2002
2 2003
2 2004
2 2005
3 1995
3 1996
3 1997
3 1998
3 1999
3 2000
3 2001
3 2002
3 2003
3 2004
3 2005
4 1995
4 1996
4 1997
4 1998
4 1999
4 2000
4 2001
4 2002
4 2003
4 2004
4 2005
5 1995
5 1996
5 1997
5 1998
5 1999
5 2000
5 2001
5 2002
5 2003
5 2004
5 2005
6 1995
6 1996
6 1997
6 1998
6 1999
6 2000
6 2001
6 2002
6 2003
6 2004
6 2005
7 1995
7 1996
7 1997
7 1998
7 1999
7 2000
7 2001
7 2002
7 2003
7 2004
7 2005
8 1995
8 1996
8 1997
8 1998
8 1999
8 2000
8 2001
8 2002
8 2003
8 2004
8 2005
9 1995
9 1996
9 1997
9 1998
9 1999
9 2000
9 2001
9 2002
9 2003
9 2004
9 2005
10 1995
10 1996
10 1997
10 1998
10 1999
10 2000
10 2001
10 2002
10 2003
10 2004
10 2005
11 1995
11 1996
11 1997
11 1998
11 1999
11 2000
11 2001
11 2002
11 2003
11 2004
11 2005
12 1995
12 1996
12 1997
12 1998
12 1999
12 2000
12 2001
12 2002
12 2003
12 2004
12 2005
13 1995
13 1996
13 1997
13 1998
13 1999
13 2000
13 2001
13 2002
13 2003
13 2004
13 2005
14 1995
14 1996
14 1997
14 1998
14 1999
14 2000
14 2001
14 2002
14 2003
14 2004
14 2005
15 1995
15 1996
15 1997
15 1998
15 1999
15 2000
15 2001
15 2002
15 2003
15 2004
15 2005
16 1995
16 1996
16 1997
16 1998
16 1999
16 2000
16 2001
16 2002
16 2003
16 2004
16 2005
17 1995
17 1996
17 1997
17 1998
17 1999
17 2000
17 2001
17 2002
17 2003
17 2004
17 2005
18 1995
18 1996
18 1997
18 1998
18 1999
18 2000
18 2001
18 2002
18 2003
18 2004
18 2005
19 1995
19 1996
19 1997
19 1998
19 1999
19 2000
19 2001
19 2002
19 2003
19 2004
19 2005
20 1995
20 1996
20 1997
20 1998
20 1999
20 2000
20 2001
20 2002
20 2003
20 2004
20 2005
21 1995
21 1996
21 1997
21 1998
21 1999
21 2000
21 2001
21 2002
21 2003
21 2004
21 2005
22 1995
22 1996
22 1997
22 1998
22 1999
22 2000
22 2001
22 2002
22 2003
22 2004
22 2005
23 1995
23 1996
23 1997
23 1998
23 1999
23 2000
23 2001
23 2002
23 2003
23 2004
23 2005
24 1995
24 1996
24 1997
24 1998
24 1999
24 2000
24 2001
24 2002
24 2003
24 2004
24 2005
25 1995
25 1996
25 1997
25 1998
25 1999
25 2000
25 2001
25 2002
25 2003
25 2004
25 2005
26 1995
26 1996
26 1997
26 1998
26 1999
26 2000
26 2001
26 2002
26 2003
26 2004
26 2005
27 1995
27 1996
27 1997
27 1998
27 1999
27 2000
27 2001
27 2002
27 2003
27 2004
27 2005
28 1995
28 1996
28 1997
28 1998
28 1999
28 2000
28 2001
28 2002
28 2003
28 2004
28 2005
29 1995
29 1996
29 1997
29 1998
29 1999
29 2000
29 2001
29 2002
29 2003
29 2004
29 2005
30 1995
30 1996
30 1997
30 1998
30 1999
30 2000
30 2001
30 2002
30 2003
30 2004
30 2005
31 1995
31 1996
31 1997
31 1998
31 1999
31 2000
31 2001
31 2002
31 2003
31 2004
31 2005
32 1995
32 1996
32 1997
32 1998
32 1999
32 2000
32 2001
32 2002
32 2003
32 2004
32 2005
33 1995
33 1996
33 1997
33 1998
33 1999
33 2000
33 2001
33 2002
33 2003
33 2004
33 2005
34 1995
34 1996
34 1997
34 1998
34 1999
34 2000
34 2001
34 2002
34 2003
34 2004
34 2005
35 1995
35 1996
35 1997
35 1998
35 1999
35 2000
35 2001
35 2002
35 2003
35 2004
35 2005
36 1995
36 1996
36 1997
36 1998
36 1999
36 2000
36 2001
36 2002
36 2003
36 2004
36 2005
37 1995
37 1996
37 1997
37 1998
37 1999
37 2000
37 2001
37 2002
37 2003
37 2004
37 2005
38 1995
38 1996
38 1997
38 1998
38 1999
38 2000
38 2001
38 2002
38 2003
38 2004
38 2005
39 1995
39 1996
39 1997
39 1998
39 1999
39 2000
39 2001
39 2002
39 2003
39 2004
39 2005
40 1995
40 1996
40 1997
40 1998
40 1999
40 2000
40 2001
40 2002
40 2003
40 2004
40 2005
41 1995
41 1996
41 1997
41 1998
41 1999
41 2000
41 2001
41 2002
41 2003
41 2004
41 2005
42 1995
42 1996
42 1997
42 1998
42 1999
42 2000
42 2001
42 2002
42 2003
42 2004
42 2005
43 1995
43 1996
43 1997
43 1998
43 1999
43 2000
43 2001
43 2002
43 2003
43 2004
43 2005
44 1995
44 1996
44 1997
44 1998
44 1999
44 2000
44 2001
44 2002
44 2003
44 2004
44 2005
45 1995
45 1996
45 1997
45 1998
45 1999
45 2000
45 2001
45 2002
45 2003
45 2004
45 2005
46 1995
46 1996
46 1997
46 1998
46 1999
46 2000
46 2001
46 2002
46 2003
46 2004
46 2005
47 1995
47 1996
47 1997
47 1998
47 1999
47 2000
47 2001
47 2002
47 2003
47 2004
47 2005
48 1995
48 1996
48 1997
48 1998
48 1999
48 2000
48 2001
48 2002
48 2003
48 2004
48 2005
49 1995
49 1996
49 1997
49 1998
49 1999
49 2000
49 2001
49 2002
49 2003
49 2004
49 2005
50 1995
50 1996
50 1997
50 1998
50 1999
50 2000
50 2001
50 2002
50 2003
50 2004
50 2005
51 1995
51 1996
51 1997
51 1998
51 1999
51 2000
51 2001
51 2002
51 2003
51 2004
51 2005
52 1995
52 1996
52 1997
52 1998
52 1999
52 2000
52 2001
52 2002
52 2003
52 2004
52 2005
53 1995
53 1996
53 1997
53 1998
53 1999
53 2000
53 2001
53 2002
53 2003
53 2004
53 2005
54 1995
54 1996
54 1997
54 1998
54 1999
54 2000
54 2001
54 2002
54 2003
54 2004
54 2005
55 1995
55 1996
55 1997
55 1998
55 1999
55 2000
55 2001
55 2002
55 2003
55 2004
55 2005
56 1995
56 1996
56 1997
56 1998
56 1999
56 2000
56 2001
56 2002
56 2003
56 2004
56 2005
57 1995
57 1996
57 1997
57 1998
57 1999
57 2000
57 2001
57 2002
57 2003
57 2004
57 2005
58 1995
58 1996
58 1997
58 1998
58 1999
58 2000
58 2001
58 2002
58 2003
58 2004
58 2005